{
 "cells": [
  {
   "cell_type": "code",
   "execution_count": 1,
   "id": "9292b144",
   "metadata": {},
   "outputs": [],
   "source": [
    "import pandas as pd\n",
    "import numpy as np\n",
    "import scipy.stats as ss\n",
    "\n",
    "import matplotlib as mpl\n",
    "import matplotlib.pyplot as plt\n",
    "from matplotlib.patches import Patch\n",
    "\n",
    "import os\n",
    "\n",
    "mpl.rcParams['figure.dpi'] = 300"
   ]
  },
  {
   "cell_type": "code",
   "execution_count": 2,
   "id": "d3ebc6a7",
   "metadata": {},
   "outputs": [],
   "source": [
    "data = os.listdir(\"/media/urbe/MyADrive1/Antoine/19-11-21_VariantCalling_ARC/coverage\")\n",
    "data = [os.path.join(\"/media/urbe/MyADrive1/Antoine/19-11-21_VariantCalling_ARC/coverage\", f) for f in data if f.endswith(\".cov.gz\")]"
   ]
  },
  {
   "cell_type": "code",
   "execution_count": 3,
   "id": "5bf1bbd5",
   "metadata": {
    "scrolled": true
   },
   "outputs": [
    {
     "data": {
      "text/plain": [
       "{'ancestor': '/media/urbe/MyADrive1/Antoine/19-11-21_VariantCalling_ARC/coverage/ancestor.sorted.CALL.bam.cov.gz',\n",
       " 'P100_C8_E4': '/media/urbe/MyADrive1/Antoine/19-11-21_VariantCalling_ARC/coverage/P100_C8_E4.sorted.CALL.bam.cov.gz',\n",
       " '30H_C36_E5': '/media/urbe/MyADrive1/Antoine/19-11-21_VariantCalling_ARC/coverage/30H_C36_E5.sorted.CALL.bam.cov.gz',\n",
       " 'P250_C8_E3': '/media/urbe/MyADrive1/Antoine/19-11-21_VariantCalling_ARC/coverage/P250_C8_E3.sorted.CALL.bam.cov.gz',\n",
       " '30D_C52_E5': '/media/urbe/MyADrive1/Antoine/19-11-21_VariantCalling_ARC/coverage/30D_C52_E5.sorted.CALL.bam.cov.gz',\n",
       " '30D_C38_E4': '/media/urbe/MyADrive1/Antoine/19-11-21_VariantCalling_ARC/coverage/30D_C38_E4.sorted.CALL.bam.cov.gz',\n",
       " 'P500_C16_E5': '/media/urbe/MyADrive1/Antoine/19-11-21_VariantCalling_ARC/coverage/P500_C16_E5.sorted.CALL.bam.cov.gz',\n",
       " 'P100_C30_E4': '/media/urbe/MyADrive1/Antoine/19-11-21_VariantCalling_ARC/coverage/P100_C30_E4.sorted.CALL.bam.cov.gz',\n",
       " '30H_C3_E5': '/media/urbe/MyADrive1/Antoine/19-11-21_VariantCalling_ARC/coverage/30H_C3_E5.sorted.CALL.bam.cov.gz',\n",
       " 'P0_C27_E5': '/media/urbe/MyADrive1/Antoine/19-11-21_VariantCalling_ARC/coverage/P0_C27_E5.sorted.CALL.bam.cov.gz',\n",
       " 'P500_C16_E4': '/media/urbe/MyADrive1/Antoine/19-11-21_VariantCalling_ARC/coverage/P500_C16_E4.sorted.CALL.bam.cov.gz',\n",
       " '30D_C13_E3': '/media/urbe/MyADrive1/Antoine/19-11-21_VariantCalling_ARC/coverage/30D_C13_E3.sorted.CALL.bam.cov.gz',\n",
       " '30D_C38_E5': '/media/urbe/MyADrive1/Antoine/19-11-21_VariantCalling_ARC/coverage/30D_C38_E5.sorted.CALL.bam.cov.gz',\n",
       " 'P0_C9_E5': '/media/urbe/MyADrive1/Antoine/19-11-21_VariantCalling_ARC/coverage/P0_C9_E5.sorted.CALL.bam.cov.gz',\n",
       " '30H_C48_E5': '/media/urbe/MyADrive1/Antoine/19-11-21_VariantCalling_ARC/coverage/30H_C48_E5.sorted.CALL.bam.cov.gz',\n",
       " 'P250_C17_E4': '/media/urbe/MyADrive1/Antoine/19-11-21_VariantCalling_ARC/coverage/P250_C17_E4.sorted.CALL.bam.cov.gz',\n",
       " 'P0_C9_E4': '/media/urbe/MyADrive1/Antoine/19-11-21_VariantCalling_ARC/coverage/P0_C9_E4.sorted.CALL.bam.cov.gz',\n",
       " '30H_C3_E4': '/media/urbe/MyADrive1/Antoine/19-11-21_VariantCalling_ARC/coverage/30H_C3_E4.sorted.CALL.bam.cov.gz',\n",
       " 'P100_C8_E3': '/media/urbe/MyADrive1/Antoine/19-11-21_VariantCalling_ARC/coverage/P100_C8_E3.sorted.CALL.bam.cov.gz',\n",
       " 'P250_C8_E4': '/media/urbe/MyADrive1/Antoine/19-11-21_VariantCalling_ARC/coverage/P250_C8_E4.sorted.CALL.bam.cov.gz',\n",
       " 'P500_C30_E3': '/media/urbe/MyADrive1/Antoine/19-11-21_VariantCalling_ARC/coverage/P500_C30_E3.sorted.CALL.bam.cov.gz',\n",
       " 'P250_C17_E3': '/media/urbe/MyADrive1/Antoine/19-11-21_VariantCalling_ARC/coverage/P250_C17_E3.sorted.CALL.bam.cov.gz',\n",
       " 'P500_C18_E3': '/media/urbe/MyADrive1/Antoine/19-11-21_VariantCalling_ARC/coverage/P500_C18_E3.sorted.CALL.bam.cov.gz',\n",
       " 'P0_C40_E5': '/media/urbe/MyADrive1/Antoine/19-11-21_VariantCalling_ARC/coverage/P0_C40_E5.sorted.CALL.bam.cov.gz',\n",
       " 'P100_C30_E3': '/media/urbe/MyADrive1/Antoine/19-11-21_VariantCalling_ARC/coverage/P100_C30_E3.sorted.CALL.bam.cov.gz'}"
      ]
     },
     "execution_count": 3,
     "metadata": {},
     "output_type": "execute_result"
    }
   ],
   "source": [
    "samples = {\n",
    "    os.path.basename(filepath).split(\".\")[0]:filepath for filepath in data\n",
    "}\n",
    "samples"
   ]
  },
  {
   "cell_type": "code",
   "execution_count": 4,
   "id": "d503efe3",
   "metadata": {
    "scrolled": true
   },
   "outputs": [
    {
     "name": "stdout",
     "output_type": "stream",
     "text": [
      "ancestor\n",
      "352\n",
      "max= 17886\n",
      "mean= 317.2433447047388\n",
      "mode= ModeResult(mode=352, count=1129938)\n",
      "median= 341.0\n",
      "stdv= 90.50242532090112\n",
      "var= 8190.688988965286\n",
      "===\n",
      "\n",
      "P100_C8_E4\n",
      "443\n",
      "max= 20361\n",
      "mean= 400.74232726685136\n",
      "mode= ModeResult(mode=443, count=1005408)\n",
      "median= 431.0\n",
      "stdv= 113.46441379508185\n",
      "var= 12874.17319786156\n",
      "===\n",
      "\n",
      "30H_C36_E5\n",
      "251\n",
      "max= 11795\n",
      "mean= 229.08358509671845\n",
      "mode= ModeResult(mode=251, count=1368206)\n",
      "median= 244.0\n",
      "stdv= 67.86563661465853\n",
      "var= 4605.74463311288\n",
      "===\n",
      "\n",
      "P250_C8_E3\n",
      "400\n",
      "max= 22735\n",
      "mean= 363.4542350025135\n",
      "mode= ModeResult(mode=400, count=1071979)\n",
      "median= 390.0\n",
      "stdv= 103.94460736400444\n",
      "var= 10804.481400057046\n",
      "===\n",
      "\n",
      "30D_C52_E5\n",
      "214\n",
      "max= 7198\n",
      "mean= 195.7006113018115\n",
      "mode= ModeResult(mode=214, count=1320221)\n",
      "median= 208.0\n",
      "stdv= 58.53126617634722\n",
      "var= 3425.9091202064087\n",
      "===\n",
      "\n",
      "30D_C38_E4\n",
      "197\n",
      "max= 8853\n",
      "mean= 181.58224205450665\n",
      "mode= ModeResult(mode=197, count=1581857)\n",
      "median= 193.0\n",
      "stdv= 53.94963327141205\n",
      "var= 2910.56293011985\n",
      "===\n",
      "\n",
      "P500_C16_E5\n",
      "196\n",
      "max= 6561\n",
      "mean= 177.17175017645457\n",
      "mode= ModeResult(mode=196, count=1187772)\n",
      "median= 187.0\n",
      "stdv= 55.26215805607181\n",
      "var= 3053.9061130142627\n",
      "===\n",
      "\n",
      "P100_C30_E4\n",
      "504\n",
      "max= 23031\n",
      "mean= 454.1100005645435\n",
      "mode= ModeResult(mode=504, count=925066)\n",
      "median= 490.0\n",
      "stdv= 128.55900870933985\n",
      "var= 16527.418720328118\n",
      "===\n",
      "\n",
      "30H_C3_E5\n",
      "215\n",
      "max= 8012\n",
      "mean= 197.32013729792826\n",
      "mode= ModeResult(mode=215, count=1320443)\n",
      "median= 209.0\n",
      "stdv= 58.86143853883176\n",
      "var= 3464.668946860669\n",
      "===\n",
      "\n",
      "P0_C27_E5\n",
      "248\n",
      "max= 12452\n",
      "mean= 227.67131797140283\n",
      "mode= ModeResult(mode=248, count=1392009)\n",
      "median= 242.0\n",
      "stdv= 67.09019229341351\n",
      "var= 4501.093901967201\n",
      "===\n",
      "\n",
      "P500_C16_E4\n",
      "189\n",
      "max= 5134\n",
      "mean= 174.27010624803646\n",
      "mode= ModeResult(mode=189, count=1527318)\n",
      "median= 185.0\n",
      "stdv= 51.65936280331909\n",
      "var= 2668.689765244948\n",
      "===\n",
      "\n",
      "30D_C13_E3\n",
      "269\n",
      "max= 13018\n",
      "mean= 240.96549115858645\n",
      "mode= ModeResult(mode=269, count=1219229)\n",
      "median= 259.0\n",
      "stdv= 70.8680380994028\n",
      "var= 5022.278824058407\n",
      "===\n",
      "\n",
      "30D_C38_E5\n",
      "240\n",
      "max= 12362\n",
      "mean= 221.7776900745122\n",
      "mode= ModeResult(mode=240, count=1414064)\n",
      "median= 236.0\n",
      "stdv= 65.59645329483715\n",
      "var= 4302.894684861751\n",
      "===\n",
      "\n",
      "P0_C9_E5\n",
      "179\n",
      "max= 6352\n",
      "mean= 164.93519375009495\n",
      "mode= ModeResult(mode=179, count=1534633)\n",
      "median= 174.0\n",
      "stdv= 49.1716508544167\n",
      "var= 2417.8512477486584\n",
      "===\n",
      "\n",
      "30H_C48_E5\n",
      "282\n",
      "max= 14011\n",
      "mean= 257.55409975011315\n",
      "mode= ModeResult(mode=282, count=1272722)\n",
      "median= 275.0\n",
      "stdv= 75.2819814141969\n",
      "var= 5667.3767256474885\n",
      "===\n",
      "\n",
      "P250_C17_E4\n",
      "447\n",
      "max= 22214\n",
      "mean= 404.2209948525774\n",
      "mode= ModeResult(mode=447, count=996313)\n",
      "median= 435.0\n",
      "stdv= 115.25805270459614\n",
      "var= 13284.41871325546\n",
      "===\n",
      "\n",
      "P0_C9_E4\n",
      "191\n",
      "max= 7215\n",
      "mean= 175.89453445930997\n",
      "mode= ModeResult(mode=191, count=1438343)\n",
      "median= 186.0\n",
      "stdv= 52.556623597254394\n",
      "var= 2762.1986839434776\n",
      "===\n",
      "\n",
      "30H_C3_E4\n",
      "204\n",
      "max= 7325\n",
      "mean= 187.50196900906192\n",
      "mode= ModeResult(mode=204, count=1516462)\n",
      "median= 199.0\n",
      "stdv= 54.95272832724996\n",
      "var= 3019.80235060854\n",
      "===\n",
      "\n",
      "P100_C8_E3\n",
      "423\n",
      "max= 19593\n",
      "mean= 384.1473778462583\n",
      "mode= ModeResult(mode=423, count=1043343)\n",
      "median= 413.0\n",
      "stdv= 109.35056576475756\n",
      "var= 11957.546233072568\n",
      "===\n",
      "\n",
      "P250_C8_E4\n",
      "345\n",
      "max= 14578\n",
      "mean= 310.5804495793437\n",
      "mode= ModeResult(mode=345, count=1055148)\n",
      "median= 334.0\n",
      "stdv= 91.42844800094474\n",
      "var= 8359.161103861457\n",
      "===\n",
      "\n",
      "P500_C30_E3\n",
      "284\n",
      "max= 10727\n",
      "mean= 261.2567500635855\n",
      "mode= ModeResult(mode=284, count=1036320)\n",
      "median= 275.0\n",
      "stdv= 79.83164245199562\n",
      "var= 6373.091136583269\n",
      "===\n",
      "\n",
      "P250_C17_E3\n",
      "363\n",
      "max= 18904\n",
      "mean= 329.39525219919045\n",
      "mode= ModeResult(mode=363, count=1164315)\n",
      "median= 354.0\n",
      "stdv= 93.88291006614618\n",
      "var= 8814.000802488092\n",
      "===\n",
      "\n",
      "P500_C18_E3\n",
      "302\n",
      "max= 14780\n",
      "mean= 269.02686080456294\n",
      "mode= ModeResult(mode=302, count=1208303)\n",
      "median= 291.0\n",
      "stdv= 82.25157453636311\n",
      "var= 6765.3215137108955\n",
      "===\n",
      "\n",
      "P0_C40_E5\n",
      "196\n",
      "max= 7277\n",
      "mean= 181.31089937490395\n",
      "mode= ModeResult(mode=196, count=1587745)\n",
      "median= 192.0\n",
      "stdv= 53.06914026089522\n",
      "var= 2816.3336480305697\n",
      "===\n",
      "\n",
      "P100_C30_E3\n",
      "436\n",
      "max= 19387\n",
      "mean= 394.24592406941673\n",
      "mode= ModeResult(mode=436, count=1033667)\n",
      "median= 424.0\n",
      "stdv= 111.71804276910787\n",
      "var= 12480.921080160215\n",
      "===\n",
      "\n"
     ]
    },
    {
     "data": {
      "text/html": [
       "<div>\n",
       "<style scoped>\n",
       "    .dataframe tbody tr th:only-of-type {\n",
       "        vertical-align: middle;\n",
       "    }\n",
       "\n",
       "    .dataframe tbody tr th {\n",
       "        vertical-align: top;\n",
       "    }\n",
       "\n",
       "    .dataframe thead th {\n",
       "        text-align: right;\n",
       "    }\n",
       "</style>\n",
       "<table border=\"1\" class=\"dataframe\">\n",
       "  <thead>\n",
       "    <tr style=\"text-align: right;\">\n",
       "      <th></th>\n",
       "      <th>sample</th>\n",
       "      <th>mean</th>\n",
       "      <th>median</th>\n",
       "      <th>std</th>\n",
       "      <th>max</th>\n",
       "      <th>mode</th>\n",
       "      <th>var</th>\n",
       "    </tr>\n",
       "  </thead>\n",
       "  <tbody>\n",
       "    <tr>\n",
       "      <th>0</th>\n",
       "      <td>ancestor</td>\n",
       "      <td>317.243345</td>\n",
       "      <td>341.0</td>\n",
       "      <td>90.502425</td>\n",
       "      <td>17886</td>\n",
       "      <td>352</td>\n",
       "      <td>8190.688989</td>\n",
       "    </tr>\n",
       "    <tr>\n",
       "      <th>1</th>\n",
       "      <td>P100_C8_E4</td>\n",
       "      <td>400.742327</td>\n",
       "      <td>431.0</td>\n",
       "      <td>113.464414</td>\n",
       "      <td>20361</td>\n",
       "      <td>443</td>\n",
       "      <td>12874.173198</td>\n",
       "    </tr>\n",
       "    <tr>\n",
       "      <th>2</th>\n",
       "      <td>30H_C36_E5</td>\n",
       "      <td>229.083585</td>\n",
       "      <td>244.0</td>\n",
       "      <td>67.865637</td>\n",
       "      <td>11795</td>\n",
       "      <td>251</td>\n",
       "      <td>4605.744633</td>\n",
       "    </tr>\n",
       "    <tr>\n",
       "      <th>3</th>\n",
       "      <td>P250_C8_E3</td>\n",
       "      <td>363.454235</td>\n",
       "      <td>390.0</td>\n",
       "      <td>103.944607</td>\n",
       "      <td>22735</td>\n",
       "      <td>400</td>\n",
       "      <td>10804.481400</td>\n",
       "    </tr>\n",
       "    <tr>\n",
       "      <th>4</th>\n",
       "      <td>30D_C52_E5</td>\n",
       "      <td>195.700611</td>\n",
       "      <td>208.0</td>\n",
       "      <td>58.531266</td>\n",
       "      <td>7198</td>\n",
       "      <td>214</td>\n",
       "      <td>3425.909120</td>\n",
       "    </tr>\n",
       "    <tr>\n",
       "      <th>5</th>\n",
       "      <td>30D_C38_E4</td>\n",
       "      <td>181.582242</td>\n",
       "      <td>193.0</td>\n",
       "      <td>53.949633</td>\n",
       "      <td>8853</td>\n",
       "      <td>197</td>\n",
       "      <td>2910.562930</td>\n",
       "    </tr>\n",
       "    <tr>\n",
       "      <th>6</th>\n",
       "      <td>P500_C16_E5</td>\n",
       "      <td>177.171750</td>\n",
       "      <td>187.0</td>\n",
       "      <td>55.262158</td>\n",
       "      <td>6561</td>\n",
       "      <td>196</td>\n",
       "      <td>3053.906113</td>\n",
       "    </tr>\n",
       "    <tr>\n",
       "      <th>7</th>\n",
       "      <td>P100_C30_E4</td>\n",
       "      <td>454.110001</td>\n",
       "      <td>490.0</td>\n",
       "      <td>128.559009</td>\n",
       "      <td>23031</td>\n",
       "      <td>504</td>\n",
       "      <td>16527.418720</td>\n",
       "    </tr>\n",
       "    <tr>\n",
       "      <th>8</th>\n",
       "      <td>30H_C3_E5</td>\n",
       "      <td>197.320137</td>\n",
       "      <td>209.0</td>\n",
       "      <td>58.861439</td>\n",
       "      <td>8012</td>\n",
       "      <td>215</td>\n",
       "      <td>3464.668947</td>\n",
       "    </tr>\n",
       "    <tr>\n",
       "      <th>9</th>\n",
       "      <td>P0_C27_E5</td>\n",
       "      <td>227.671318</td>\n",
       "      <td>242.0</td>\n",
       "      <td>67.090192</td>\n",
       "      <td>12452</td>\n",
       "      <td>248</td>\n",
       "      <td>4501.093902</td>\n",
       "    </tr>\n",
       "    <tr>\n",
       "      <th>10</th>\n",
       "      <td>P500_C16_E4</td>\n",
       "      <td>174.270106</td>\n",
       "      <td>185.0</td>\n",
       "      <td>51.659363</td>\n",
       "      <td>5134</td>\n",
       "      <td>189</td>\n",
       "      <td>2668.689765</td>\n",
       "    </tr>\n",
       "    <tr>\n",
       "      <th>11</th>\n",
       "      <td>30D_C13_E3</td>\n",
       "      <td>240.965491</td>\n",
       "      <td>259.0</td>\n",
       "      <td>70.868038</td>\n",
       "      <td>13018</td>\n",
       "      <td>269</td>\n",
       "      <td>5022.278824</td>\n",
       "    </tr>\n",
       "    <tr>\n",
       "      <th>12</th>\n",
       "      <td>30D_C38_E5</td>\n",
       "      <td>221.777690</td>\n",
       "      <td>236.0</td>\n",
       "      <td>65.596453</td>\n",
       "      <td>12362</td>\n",
       "      <td>240</td>\n",
       "      <td>4302.894685</td>\n",
       "    </tr>\n",
       "    <tr>\n",
       "      <th>13</th>\n",
       "      <td>P0_C9_E5</td>\n",
       "      <td>164.935194</td>\n",
       "      <td>174.0</td>\n",
       "      <td>49.171651</td>\n",
       "      <td>6352</td>\n",
       "      <td>179</td>\n",
       "      <td>2417.851248</td>\n",
       "    </tr>\n",
       "    <tr>\n",
       "      <th>14</th>\n",
       "      <td>30H_C48_E5</td>\n",
       "      <td>257.554100</td>\n",
       "      <td>275.0</td>\n",
       "      <td>75.281981</td>\n",
       "      <td>14011</td>\n",
       "      <td>282</td>\n",
       "      <td>5667.376726</td>\n",
       "    </tr>\n",
       "    <tr>\n",
       "      <th>15</th>\n",
       "      <td>P250_C17_E4</td>\n",
       "      <td>404.220995</td>\n",
       "      <td>435.0</td>\n",
       "      <td>115.258053</td>\n",
       "      <td>22214</td>\n",
       "      <td>447</td>\n",
       "      <td>13284.418713</td>\n",
       "    </tr>\n",
       "    <tr>\n",
       "      <th>16</th>\n",
       "      <td>P0_C9_E4</td>\n",
       "      <td>175.894534</td>\n",
       "      <td>186.0</td>\n",
       "      <td>52.556624</td>\n",
       "      <td>7215</td>\n",
       "      <td>191</td>\n",
       "      <td>2762.198684</td>\n",
       "    </tr>\n",
       "    <tr>\n",
       "      <th>17</th>\n",
       "      <td>30H_C3_E4</td>\n",
       "      <td>187.501969</td>\n",
       "      <td>199.0</td>\n",
       "      <td>54.952728</td>\n",
       "      <td>7325</td>\n",
       "      <td>204</td>\n",
       "      <td>3019.802351</td>\n",
       "    </tr>\n",
       "    <tr>\n",
       "      <th>18</th>\n",
       "      <td>P100_C8_E3</td>\n",
       "      <td>384.147378</td>\n",
       "      <td>413.0</td>\n",
       "      <td>109.350566</td>\n",
       "      <td>19593</td>\n",
       "      <td>423</td>\n",
       "      <td>11957.546233</td>\n",
       "    </tr>\n",
       "    <tr>\n",
       "      <th>19</th>\n",
       "      <td>P250_C8_E4</td>\n",
       "      <td>310.580450</td>\n",
       "      <td>334.0</td>\n",
       "      <td>91.428448</td>\n",
       "      <td>14578</td>\n",
       "      <td>345</td>\n",
       "      <td>8359.161104</td>\n",
       "    </tr>\n",
       "    <tr>\n",
       "      <th>20</th>\n",
       "      <td>P500_C30_E3</td>\n",
       "      <td>261.256750</td>\n",
       "      <td>275.0</td>\n",
       "      <td>79.831642</td>\n",
       "      <td>10727</td>\n",
       "      <td>284</td>\n",
       "      <td>6373.091137</td>\n",
       "    </tr>\n",
       "    <tr>\n",
       "      <th>21</th>\n",
       "      <td>P250_C17_E3</td>\n",
       "      <td>329.395252</td>\n",
       "      <td>354.0</td>\n",
       "      <td>93.882910</td>\n",
       "      <td>18904</td>\n",
       "      <td>363</td>\n",
       "      <td>8814.000802</td>\n",
       "    </tr>\n",
       "    <tr>\n",
       "      <th>22</th>\n",
       "      <td>P500_C18_E3</td>\n",
       "      <td>269.026861</td>\n",
       "      <td>291.0</td>\n",
       "      <td>82.251575</td>\n",
       "      <td>14780</td>\n",
       "      <td>302</td>\n",
       "      <td>6765.321514</td>\n",
       "    </tr>\n",
       "    <tr>\n",
       "      <th>23</th>\n",
       "      <td>P0_C40_E5</td>\n",
       "      <td>181.310899</td>\n",
       "      <td>192.0</td>\n",
       "      <td>53.069140</td>\n",
       "      <td>7277</td>\n",
       "      <td>196</td>\n",
       "      <td>2816.333648</td>\n",
       "    </tr>\n",
       "    <tr>\n",
       "      <th>24</th>\n",
       "      <td>P100_C30_E3</td>\n",
       "      <td>394.245924</td>\n",
       "      <td>424.0</td>\n",
       "      <td>111.718043</td>\n",
       "      <td>19387</td>\n",
       "      <td>436</td>\n",
       "      <td>12480.921080</td>\n",
       "    </tr>\n",
       "  </tbody>\n",
       "</table>\n",
       "</div>"
      ],
      "text/plain": [
       "         sample        mean  median         std    max  mode           var\n",
       "0      ancestor  317.243345   341.0   90.502425  17886   352   8190.688989\n",
       "1    P100_C8_E4  400.742327   431.0  113.464414  20361   443  12874.173198\n",
       "2    30H_C36_E5  229.083585   244.0   67.865637  11795   251   4605.744633\n",
       "3    P250_C8_E3  363.454235   390.0  103.944607  22735   400  10804.481400\n",
       "4    30D_C52_E5  195.700611   208.0   58.531266   7198   214   3425.909120\n",
       "5    30D_C38_E4  181.582242   193.0   53.949633   8853   197   2910.562930\n",
       "6   P500_C16_E5  177.171750   187.0   55.262158   6561   196   3053.906113\n",
       "7   P100_C30_E4  454.110001   490.0  128.559009  23031   504  16527.418720\n",
       "8     30H_C3_E5  197.320137   209.0   58.861439   8012   215   3464.668947\n",
       "9     P0_C27_E5  227.671318   242.0   67.090192  12452   248   4501.093902\n",
       "10  P500_C16_E4  174.270106   185.0   51.659363   5134   189   2668.689765\n",
       "11   30D_C13_E3  240.965491   259.0   70.868038  13018   269   5022.278824\n",
       "12   30D_C38_E5  221.777690   236.0   65.596453  12362   240   4302.894685\n",
       "13     P0_C9_E5  164.935194   174.0   49.171651   6352   179   2417.851248\n",
       "14   30H_C48_E5  257.554100   275.0   75.281981  14011   282   5667.376726\n",
       "15  P250_C17_E4  404.220995   435.0  115.258053  22214   447  13284.418713\n",
       "16     P0_C9_E4  175.894534   186.0   52.556624   7215   191   2762.198684\n",
       "17    30H_C3_E4  187.501969   199.0   54.952728   7325   204   3019.802351\n",
       "18   P100_C8_E3  384.147378   413.0  109.350566  19593   423  11957.546233\n",
       "19   P250_C8_E4  310.580450   334.0   91.428448  14578   345   8359.161104\n",
       "20  P500_C30_E3  261.256750   275.0   79.831642  10727   284   6373.091137\n",
       "21  P250_C17_E3  329.395252   354.0   93.882910  18904   363   8814.000802\n",
       "22  P500_C18_E3  269.026861   291.0   82.251575  14780   302   6765.321514\n",
       "23    P0_C40_E5  181.310899   192.0   53.069140   7277   196   2816.333648\n",
       "24  P100_C30_E3  394.245924   424.0  111.718043  19387   436  12480.921080"
      ]
     },
     "execution_count": 4,
     "metadata": {},
     "output_type": "execute_result"
    }
   ],
   "source": [
    "histograms = {}\n",
    "\n",
    "covdata = {\n",
    "    \"sample\":[],\n",
    "    \"mean\":[],\n",
    "    \"median\":[],\n",
    "    \"std\":[],\n",
    "    \"max\":[],\n",
    "    \"mode\":[],\n",
    "    \"var\":[]\n",
    "}\n",
    "\n",
    "for k, v in samples.items() :\n",
    "    \n",
    "    if k in histograms.keys() :\n",
    "        continue\n",
    "        \n",
    "    cov = pd.read_csv(v, sep=\"\\t\", compression=\"gzip\", usecols=range(3), names=[\"ref\", \"pos\", \"cov\"], header=None,\n",
    "                      skiprows=1,\n",
    "                      dtype={\"ref\":\"category\", \"pos\":\"uint\", \"cov\":\"uint\"})\n",
    "    bins, edges = np.histogram(cov[\"cov\"], bins=np.arange(0,800,2))\n",
    "    histograms[k] = (bins, edges)\n",
    "    \n",
    "    sample = os.path.basename(v).split(\".\")[0]\n",
    "    print(sample)\n",
    "    maxv = np.max(cov[\"cov\"])\n",
    "    meanv = np.mean(cov[\"cov\"])\n",
    "    modev = ss.mode(cov[\"cov\"], axis=0, keepdims=False)\n",
    "    print(modev.mode)\n",
    "    medianv = np.median(cov[\"cov\"])\n",
    "    stdv = np.std(cov[\"cov\"])\n",
    "    varv = np.var(cov[\"cov\"])\n",
    "    \n",
    "    print(\"max=\", maxv)\n",
    "    print(\"mean=\", meanv)\n",
    "    print(\"mode=\", modev)\n",
    "    print(\"median=\", medianv)\n",
    "    print(\"stdv=\", stdv)\n",
    "    print(\"var=\", varv)\n",
    "    \n",
    "    covdata[\"sample\"].append(sample)\n",
    "    covdata[\"mean\"].append(meanv)\n",
    "    covdata[\"median\"].append(medianv)\n",
    "    covdata[\"max\"].append(maxv)\n",
    "    covdata[\"std\"].append(stdv)\n",
    "    covdata[\"var\"].append(varv)\n",
    "    covdata[\"mode\"].append(modev.mode)\n",
    "    \n",
    "    print(\"===\\n\")\n",
    "\n",
    "df_covdata = pd.DataFrame().from_dict(covdata)\n",
    "df_covdata"
   ]
  },
  {
   "cell_type": "code",
   "execution_count": 5,
   "id": "9ac79196",
   "metadata": {
    "scrolled": true
   },
   "outputs": [
    {
     "data": {
      "text/html": [
       "<div>\n",
       "<style scoped>\n",
       "    .dataframe tbody tr th:only-of-type {\n",
       "        vertical-align: middle;\n",
       "    }\n",
       "\n",
       "    .dataframe tbody tr th {\n",
       "        vertical-align: top;\n",
       "    }\n",
       "\n",
       "    .dataframe thead th {\n",
       "        text-align: right;\n",
       "    }\n",
       "</style>\n",
       "<table border=\"1\" class=\"dataframe\">\n",
       "  <thead>\n",
       "    <tr style=\"text-align: right;\">\n",
       "      <th></th>\n",
       "      <th>sample</th>\n",
       "      <th>max</th>\n",
       "      <th>mean</th>\n",
       "      <th>mode</th>\n",
       "      <th>median</th>\n",
       "      <th>var</th>\n",
       "      <th>std</th>\n",
       "    </tr>\n",
       "  </thead>\n",
       "  <tbody>\n",
       "    <tr>\n",
       "      <th>0</th>\n",
       "      <td>ancestor</td>\n",
       "      <td>17886</td>\n",
       "      <td>317.243345</td>\n",
       "      <td>352</td>\n",
       "      <td>341.0</td>\n",
       "      <td>8190.688989</td>\n",
       "      <td>90.502425</td>\n",
       "    </tr>\n",
       "    <tr>\n",
       "      <th>1</th>\n",
       "      <td>P100_C8_E4</td>\n",
       "      <td>20361</td>\n",
       "      <td>400.742327</td>\n",
       "      <td>443</td>\n",
       "      <td>431.0</td>\n",
       "      <td>12874.173198</td>\n",
       "      <td>113.464414</td>\n",
       "    </tr>\n",
       "    <tr>\n",
       "      <th>2</th>\n",
       "      <td>30H_C36_E5</td>\n",
       "      <td>11795</td>\n",
       "      <td>229.083585</td>\n",
       "      <td>251</td>\n",
       "      <td>244.0</td>\n",
       "      <td>4605.744633</td>\n",
       "      <td>67.865637</td>\n",
       "    </tr>\n",
       "    <tr>\n",
       "      <th>3</th>\n",
       "      <td>P250_C8_E3</td>\n",
       "      <td>22735</td>\n",
       "      <td>363.454235</td>\n",
       "      <td>400</td>\n",
       "      <td>390.0</td>\n",
       "      <td>10804.481400</td>\n",
       "      <td>103.944607</td>\n",
       "    </tr>\n",
       "    <tr>\n",
       "      <th>4</th>\n",
       "      <td>30D_C52_E5</td>\n",
       "      <td>7198</td>\n",
       "      <td>195.700611</td>\n",
       "      <td>214</td>\n",
       "      <td>208.0</td>\n",
       "      <td>3425.909120</td>\n",
       "      <td>58.531266</td>\n",
       "    </tr>\n",
       "    <tr>\n",
       "      <th>5</th>\n",
       "      <td>30D_C38_E4</td>\n",
       "      <td>8853</td>\n",
       "      <td>181.582242</td>\n",
       "      <td>197</td>\n",
       "      <td>193.0</td>\n",
       "      <td>2910.562930</td>\n",
       "      <td>53.949633</td>\n",
       "    </tr>\n",
       "    <tr>\n",
       "      <th>6</th>\n",
       "      <td>P500_C16_E5</td>\n",
       "      <td>6561</td>\n",
       "      <td>177.171750</td>\n",
       "      <td>196</td>\n",
       "      <td>187.0</td>\n",
       "      <td>3053.906113</td>\n",
       "      <td>55.262158</td>\n",
       "    </tr>\n",
       "    <tr>\n",
       "      <th>7</th>\n",
       "      <td>P100_C30_E4</td>\n",
       "      <td>23031</td>\n",
       "      <td>454.110001</td>\n",
       "      <td>504</td>\n",
       "      <td>490.0</td>\n",
       "      <td>16527.418720</td>\n",
       "      <td>128.559009</td>\n",
       "    </tr>\n",
       "    <tr>\n",
       "      <th>8</th>\n",
       "      <td>30H_C3_E5</td>\n",
       "      <td>8012</td>\n",
       "      <td>197.320137</td>\n",
       "      <td>215</td>\n",
       "      <td>209.0</td>\n",
       "      <td>3464.668947</td>\n",
       "      <td>58.861439</td>\n",
       "    </tr>\n",
       "    <tr>\n",
       "      <th>9</th>\n",
       "      <td>P0_C27_E5</td>\n",
       "      <td>12452</td>\n",
       "      <td>227.671318</td>\n",
       "      <td>248</td>\n",
       "      <td>242.0</td>\n",
       "      <td>4501.093902</td>\n",
       "      <td>67.090192</td>\n",
       "    </tr>\n",
       "    <tr>\n",
       "      <th>10</th>\n",
       "      <td>P500_C16_E4</td>\n",
       "      <td>5134</td>\n",
       "      <td>174.270106</td>\n",
       "      <td>189</td>\n",
       "      <td>185.0</td>\n",
       "      <td>2668.689765</td>\n",
       "      <td>51.659363</td>\n",
       "    </tr>\n",
       "    <tr>\n",
       "      <th>11</th>\n",
       "      <td>30D_C13_E3</td>\n",
       "      <td>13018</td>\n",
       "      <td>240.965491</td>\n",
       "      <td>269</td>\n",
       "      <td>259.0</td>\n",
       "      <td>5022.278824</td>\n",
       "      <td>70.868038</td>\n",
       "    </tr>\n",
       "    <tr>\n",
       "      <th>12</th>\n",
       "      <td>30D_C38_E5</td>\n",
       "      <td>12362</td>\n",
       "      <td>221.777690</td>\n",
       "      <td>240</td>\n",
       "      <td>236.0</td>\n",
       "      <td>4302.894685</td>\n",
       "      <td>65.596453</td>\n",
       "    </tr>\n",
       "    <tr>\n",
       "      <th>13</th>\n",
       "      <td>P0_C9_E5</td>\n",
       "      <td>6352</td>\n",
       "      <td>164.935194</td>\n",
       "      <td>179</td>\n",
       "      <td>174.0</td>\n",
       "      <td>2417.851248</td>\n",
       "      <td>49.171651</td>\n",
       "    </tr>\n",
       "    <tr>\n",
       "      <th>14</th>\n",
       "      <td>30H_C48_E5</td>\n",
       "      <td>14011</td>\n",
       "      <td>257.554100</td>\n",
       "      <td>282</td>\n",
       "      <td>275.0</td>\n",
       "      <td>5667.376726</td>\n",
       "      <td>75.281981</td>\n",
       "    </tr>\n",
       "    <tr>\n",
       "      <th>15</th>\n",
       "      <td>P250_C17_E4</td>\n",
       "      <td>22214</td>\n",
       "      <td>404.220995</td>\n",
       "      <td>447</td>\n",
       "      <td>435.0</td>\n",
       "      <td>13284.418713</td>\n",
       "      <td>115.258053</td>\n",
       "    </tr>\n",
       "    <tr>\n",
       "      <th>16</th>\n",
       "      <td>P0_C9_E4</td>\n",
       "      <td>7215</td>\n",
       "      <td>175.894534</td>\n",
       "      <td>191</td>\n",
       "      <td>186.0</td>\n",
       "      <td>2762.198684</td>\n",
       "      <td>52.556624</td>\n",
       "    </tr>\n",
       "    <tr>\n",
       "      <th>17</th>\n",
       "      <td>30H_C3_E4</td>\n",
       "      <td>7325</td>\n",
       "      <td>187.501969</td>\n",
       "      <td>204</td>\n",
       "      <td>199.0</td>\n",
       "      <td>3019.802351</td>\n",
       "      <td>54.952728</td>\n",
       "    </tr>\n",
       "    <tr>\n",
       "      <th>18</th>\n",
       "      <td>P100_C8_E3</td>\n",
       "      <td>19593</td>\n",
       "      <td>384.147378</td>\n",
       "      <td>423</td>\n",
       "      <td>413.0</td>\n",
       "      <td>11957.546233</td>\n",
       "      <td>109.350566</td>\n",
       "    </tr>\n",
       "    <tr>\n",
       "      <th>19</th>\n",
       "      <td>P250_C8_E4</td>\n",
       "      <td>14578</td>\n",
       "      <td>310.580450</td>\n",
       "      <td>345</td>\n",
       "      <td>334.0</td>\n",
       "      <td>8359.161104</td>\n",
       "      <td>91.428448</td>\n",
       "    </tr>\n",
       "    <tr>\n",
       "      <th>20</th>\n",
       "      <td>P500_C30_E3</td>\n",
       "      <td>10727</td>\n",
       "      <td>261.256750</td>\n",
       "      <td>284</td>\n",
       "      <td>275.0</td>\n",
       "      <td>6373.091137</td>\n",
       "      <td>79.831642</td>\n",
       "    </tr>\n",
       "    <tr>\n",
       "      <th>21</th>\n",
       "      <td>P250_C17_E3</td>\n",
       "      <td>18904</td>\n",
       "      <td>329.395252</td>\n",
       "      <td>363</td>\n",
       "      <td>354.0</td>\n",
       "      <td>8814.000802</td>\n",
       "      <td>93.882910</td>\n",
       "    </tr>\n",
       "    <tr>\n",
       "      <th>22</th>\n",
       "      <td>P500_C18_E3</td>\n",
       "      <td>14780</td>\n",
       "      <td>269.026861</td>\n",
       "      <td>302</td>\n",
       "      <td>291.0</td>\n",
       "      <td>6765.321514</td>\n",
       "      <td>82.251575</td>\n",
       "    </tr>\n",
       "    <tr>\n",
       "      <th>23</th>\n",
       "      <td>P0_C40_E5</td>\n",
       "      <td>7277</td>\n",
       "      <td>181.310899</td>\n",
       "      <td>196</td>\n",
       "      <td>192.0</td>\n",
       "      <td>2816.333648</td>\n",
       "      <td>53.069140</td>\n",
       "    </tr>\n",
       "    <tr>\n",
       "      <th>24</th>\n",
       "      <td>P100_C30_E3</td>\n",
       "      <td>19387</td>\n",
       "      <td>394.245924</td>\n",
       "      <td>436</td>\n",
       "      <td>424.0</td>\n",
       "      <td>12480.921080</td>\n",
       "      <td>111.718043</td>\n",
       "    </tr>\n",
       "  </tbody>\n",
       "</table>\n",
       "</div>"
      ],
      "text/plain": [
       "         sample    max        mean  mode  median           var         std\n",
       "0      ancestor  17886  317.243345   352   341.0   8190.688989   90.502425\n",
       "1    P100_C8_E4  20361  400.742327   443   431.0  12874.173198  113.464414\n",
       "2    30H_C36_E5  11795  229.083585   251   244.0   4605.744633   67.865637\n",
       "3    P250_C8_E3  22735  363.454235   400   390.0  10804.481400  103.944607\n",
       "4    30D_C52_E5   7198  195.700611   214   208.0   3425.909120   58.531266\n",
       "5    30D_C38_E4   8853  181.582242   197   193.0   2910.562930   53.949633\n",
       "6   P500_C16_E5   6561  177.171750   196   187.0   3053.906113   55.262158\n",
       "7   P100_C30_E4  23031  454.110001   504   490.0  16527.418720  128.559009\n",
       "8     30H_C3_E5   8012  197.320137   215   209.0   3464.668947   58.861439\n",
       "9     P0_C27_E5  12452  227.671318   248   242.0   4501.093902   67.090192\n",
       "10  P500_C16_E4   5134  174.270106   189   185.0   2668.689765   51.659363\n",
       "11   30D_C13_E3  13018  240.965491   269   259.0   5022.278824   70.868038\n",
       "12   30D_C38_E5  12362  221.777690   240   236.0   4302.894685   65.596453\n",
       "13     P0_C9_E5   6352  164.935194   179   174.0   2417.851248   49.171651\n",
       "14   30H_C48_E5  14011  257.554100   282   275.0   5667.376726   75.281981\n",
       "15  P250_C17_E4  22214  404.220995   447   435.0  13284.418713  115.258053\n",
       "16     P0_C9_E4   7215  175.894534   191   186.0   2762.198684   52.556624\n",
       "17    30H_C3_E4   7325  187.501969   204   199.0   3019.802351   54.952728\n",
       "18   P100_C8_E3  19593  384.147378   423   413.0  11957.546233  109.350566\n",
       "19   P250_C8_E4  14578  310.580450   345   334.0   8359.161104   91.428448\n",
       "20  P500_C30_E3  10727  261.256750   284   275.0   6373.091137   79.831642\n",
       "21  P250_C17_E3  18904  329.395252   363   354.0   8814.000802   93.882910\n",
       "22  P500_C18_E3  14780  269.026861   302   291.0   6765.321514   82.251575\n",
       "23    P0_C40_E5   7277  181.310899   196   192.0   2816.333648   53.069140\n",
       "24  P100_C30_E3  19387  394.245924   436   424.0  12480.921080  111.718043"
      ]
     },
     "execution_count": 5,
     "metadata": {},
     "output_type": "execute_result"
    }
   ],
   "source": [
    "df_covdata_reorder = df_covdata[[\"sample\", \"max\", \"mean\", \"mode\", \"median\", \"var\", \"std\"]]\n",
    "df_covdata_reorder"
   ]
  },
  {
   "cell_type": "code",
   "execution_count": 11,
   "id": "5dadd079",
   "metadata": {},
   "outputs": [
    {
     "data": {
      "text/html": [
       "<div>\n",
       "<style scoped>\n",
       "    .dataframe tbody tr th:only-of-type {\n",
       "        vertical-align: middle;\n",
       "    }\n",
       "\n",
       "    .dataframe tbody tr th {\n",
       "        vertical-align: top;\n",
       "    }\n",
       "\n",
       "    .dataframe thead th {\n",
       "        text-align: right;\n",
       "    }\n",
       "</style>\n",
       "<table border=\"1\" class=\"dataframe\">\n",
       "  <thead>\n",
       "    <tr style=\"text-align: right;\">\n",
       "      <th></th>\n",
       "      <th>sample</th>\n",
       "      <th>max</th>\n",
       "      <th>mean</th>\n",
       "      <th>mode</th>\n",
       "      <th>median</th>\n",
       "      <th>var</th>\n",
       "      <th>std</th>\n",
       "    </tr>\n",
       "  </thead>\n",
       "  <tbody>\n",
       "    <tr>\n",
       "      <th>0</th>\n",
       "      <td>ancestor</td>\n",
       "      <td>17886</td>\n",
       "      <td>317.243345</td>\n",
       "      <td>352</td>\n",
       "      <td>341.0</td>\n",
       "      <td>8190.688989</td>\n",
       "      <td>90.502425</td>\n",
       "    </tr>\n",
       "    <tr>\n",
       "      <th>20</th>\n",
       "      <td>P500_C30_E3</td>\n",
       "      <td>10727</td>\n",
       "      <td>261.256750</td>\n",
       "      <td>284</td>\n",
       "      <td>275.0</td>\n",
       "      <td>6373.091137</td>\n",
       "      <td>79.831642</td>\n",
       "    </tr>\n",
       "    <tr>\n",
       "      <th>22</th>\n",
       "      <td>P500_C18_E3</td>\n",
       "      <td>14780</td>\n",
       "      <td>269.026861</td>\n",
       "      <td>302</td>\n",
       "      <td>291.0</td>\n",
       "      <td>6765.321514</td>\n",
       "      <td>82.251575</td>\n",
       "    </tr>\n",
       "    <tr>\n",
       "      <th>6</th>\n",
       "      <td>P500_C16_E5</td>\n",
       "      <td>6561</td>\n",
       "      <td>177.171750</td>\n",
       "      <td>196</td>\n",
       "      <td>187.0</td>\n",
       "      <td>3053.906113</td>\n",
       "      <td>55.262158</td>\n",
       "    </tr>\n",
       "    <tr>\n",
       "      <th>10</th>\n",
       "      <td>P500_C16_E4</td>\n",
       "      <td>5134</td>\n",
       "      <td>174.270106</td>\n",
       "      <td>189</td>\n",
       "      <td>185.0</td>\n",
       "      <td>2668.689765</td>\n",
       "      <td>51.659363</td>\n",
       "    </tr>\n",
       "    <tr>\n",
       "      <th>19</th>\n",
       "      <td>P250_C8_E4</td>\n",
       "      <td>14578</td>\n",
       "      <td>310.580450</td>\n",
       "      <td>345</td>\n",
       "      <td>334.0</td>\n",
       "      <td>8359.161104</td>\n",
       "      <td>91.428448</td>\n",
       "    </tr>\n",
       "    <tr>\n",
       "      <th>3</th>\n",
       "      <td>P250_C8_E3</td>\n",
       "      <td>22735</td>\n",
       "      <td>363.454235</td>\n",
       "      <td>400</td>\n",
       "      <td>390.0</td>\n",
       "      <td>10804.481400</td>\n",
       "      <td>103.944607</td>\n",
       "    </tr>\n",
       "    <tr>\n",
       "      <th>15</th>\n",
       "      <td>P250_C17_E4</td>\n",
       "      <td>22214</td>\n",
       "      <td>404.220995</td>\n",
       "      <td>447</td>\n",
       "      <td>435.0</td>\n",
